Anatomica | 21vek:
	36145
	36146
	38050
	38051
	38053
	38054
	38055
	38056
	38057
	38058
	38059
	38061
	38062
	38064
	38066
	38067
	38414
	38415
	38422
	38423
	38437
	38438
	38439
	38440
	38441
	38442
	38444
	38445
	38446
	38447
	38448
	38455
	38459
	38460
	38461
	38462
	38463
	38464
	38466
	38467
	38468
	38474
	38476
	38477
	38478
	38479
	38483
	38484
	38485
	38488
	38492
	38493
	38494
	38495
	38496
	38497
	38498
	38499
	38500
	38501
	38502
	41117
	41125
	41127
	41160
	43340
	43341
	43344
	44880
	44883
	44884
	44885
	44888
	45467
	45468
	45609
	46052
	46053
	46054
	46055
	46057
	46058
	46059
	46060
	46061
	46062
	46063
	46064
	46065
	46066
	46067
	46068
	46070
	46071
	46072
	46073
	46074
	46075
	46076
	46078
	46079
	46080
	46081
	46082
	46083
	46084
	46085
	46086
	46087
	46088
	46089
	46091
	46092
	46093
	46094
	46095
	46096
	46099
	46100
	46101
	46102
	46103
	46104
	46105
	46106
	46107
	46108
	46109
	46110
	46111
	46112
	46113
	46116
	46117
	46120
	46121
	46122
	46123
	46124
	46125
	46126
	46127
	46128
	46129
	46130
	46131
	46132
	46133
	46134
	46135
	46137
	46139
	46140
	46141
	46142
	46143
	46144
	46146


Программа Техно | 21vek:
	7764
	7765
	7766
	7767
	7768
	7769
	7770
	7771
	7773
	7774
	7775
	7776
	7777
	7778
	7779
	7780
	7781
	7782
	7783
	7784
	7785
	7786
	7787
	7788
	7789
	7790
	7791
	7792
	7793
	7794
	7795
	7796
	7797
	7798
	7799
	7800
	7801
	7802
	7804
	7805
	7806
	7807
	7808
	7809
	7810
	7811
	7812
	7813
	7814
	7815
	7816
	7817
	7818
	7819
	7820
	7821
	7822
	7837
	7838
	7839
	7840
	7841
	7842
	7843
	7844
	7845
	7846
	7847
	7848
	7849
	7850
	7851
	7852
	7853
	7854
	7855
	7857
	7858
	7859
	7860
	7862
	7863
	7864
	7865
	7883
	7885
	7886
	7887
	7888
	7889
	7890
	7892
	7893
	7894
	7895
	7896
	7897
	7898
	7899
	7900
	7901
	7902
	7903
	7904
	7905
	7906
	7907
	7908
	7909
	7910
	7911
	7912
	7913
	7914
	7915
	7916
	7917
	7918
	7919
	7920
	7942
	7943
	7944
	7946
	7947
	7948
	7949
	7950
	7951
	7952
	7953
	7954
	7955
	7956
	7957
	7958
	7959
	7960
	7961
	7962
	7963
	7964
	7965
	7966
	19854
	19926
	19928
	19929
	19931
	19932
	19933
	19934
	19936
	19937
	19939
	19940
	19941
	19943
	19944
	19947
	19948
	19953
	19954
	19955
	19956
	19960
	19961
	19963
	19964
	19965
	19966
	19968
	19969
	19970
	19982
	19983
	19984
	19985
	19986
	19987
	19988
	19989
	19990
	20036
	20037
	20038
	20039
	20040
	20041
	20042
	20043
	20044
	20045
	20046
	20047
	20048
	20049
	20050
	20051
	20052
	20053
	20054
	20055
	20056
	20057
	20058
	20059
	20060
	20061
	20062
	20063
	20064
	20065
	20066
	20067
	20068
	20069
	20070
	20071
	20072
	20073
	20074
	20075
	20076
	20077
	20114
	20115
	20116
	20117
	20118
	20119
	20120
	20121
	20122
	20123
	20124
	20125
	20126
	20127
	20128
	20129
	20159
	20160
	20161
	20162
	20163
	20164
	20165
	20166
	20167
	20168
	20169
	20170
	20171
	20172
	20173
	20174
	20175
	20176
	20177
	20178
	20179
	20180
	20181
	20182
	20183
	20184
	20185
	20186
	20187
	20188
	20189
	20190
	20191
	20192
	20193
	20194
	20195
	20196
	20197
	20198
	20199
	20200
	20201
	20202
	20203
	20204
	20205
	20206
	20207
	20208
	20210
	20211
	20212
	20213
	20214
	21332
	21333
	21334
	21335
	21336
	21337
	21338
	21339
	21340
	21341
	21342
	21343
	21344
	21345
	21346
	21347
	21348
	21349
	21350
	21351
	21352
	21354
	21355
	21356
	21357
	21358
	21359
	21360
	21361
	21362
	21369
	21370
	21371
	21372
	21373
	21374
	21375
	21376
	21377
	21378
	21379
	21380
	21381
	21382
	21383
	21384
	21385
	21386
	21387
	21388
	21389
	21390
	21391


Polini Kids | 21vek:
	3303
	3304
	3305
	3360
	3947
	4022
	4024
	7016
	7017
	7018
	7019
	7020
	7223
	8086
	8476
	8477
	8788
	8789
	8790
	8791
	8793
	8794
	8795
	8796
	10386
	11527
	11529
	11530
	22852
	22854
	22859
	30256
	30257
	30260
	30261
	30262
	33175
	33176
	33177
	33178
	33179
	34883
	34884
	34885
	34886
	34887
	34888
	34889


Mio Tesoro | 21vek:
	949
	967
	971
	974
	975
	976
	3315
	3316
	3319
	3322
	3323
	3324
	3514
	3519
	4096
	4431
	4432
	4434
	4435
	4469
	4470
	4471
	4697
	4698
	4699
	5505
	5506
	5507
	5508
	5509
	6116
	6655
	6948
	6965
	6966
	6967
	6968
	6969
	6970
	6972
	6973
	6975
	6976
	6977
	6978
	6979
	6980
	6981
	6982
	6983
	6984
	6985
	6986
	6987
	6989
	6990
	6991
	6992
	6993
	6994
	6995
	6997
	6998
	6999
	7000
	7001
	7002
	7003
	7004
	7005
	7006
	7007
	7009
	7010
	7011
	7012
	7013
	7014
	7015
	7432
	7434
	9438
	9439
	9441
	9445
	9446
	27850
	28135
	28136
	28137
	28138
	28141
	28142
	35168
	35174
	35176
	35287
	35294
	35296
	35301
	35302
	35303
	35312
	35313
	35314
	35327
	35328
	35357
	35361
	35452
	35453
	35454
	35456
	35457
	35458
	35459
	35460
	35461
	35462
	35463
	35464
	35465
	35466
	35467
	35468
	35469
	35470
	35471
	35472
	35473
	35474
	35476
	35477
	35478
	35479
	35480
	35481
	35482
	35483
	35484
	35485
	35486
	35487
	35488
	35489
	35490
	35491
	35492
	35493
	35494
	35495
	35496
	35497
	35498
	35499
	35500
	35501
	35502
	35503
	35504
	35505
	35506
	35507
	35508
	35509
	35510
	35511
	35512
	35513
	35514
	35515
	35516
	35517
	35518
	35519
	35520
	35521
	35522
	35523
	35524
	35699
	35700
	35701
	35702
	35703
	35704
	35706
	35707
	35708
	35709
	35710
	35713
	35714
	35715
	35716
	35717
	35718
	35719
	35720
	35721
	35722
	35723
	35724
	35726
	35727
	35728
	35729
	35730
	35731
	35732
	35733
	35734
	35735
	35736
	35737
	35738
	35741
	35742
	35743
	35744
	35745
	35746
	35747
	35748
	35749
	35750
	35751
	35752
	35753
	35754
	35755
	35756
	35757
	35758
	35759
	35760
	35761
	35763
	35764
	35765
	35766
	35767
	35768
	35769
	35770
	35771
	35772
	35773
	35774
	35775
	35776
	35777
	35778
	35779
	35780
	35781
	35782
	35783
	35784
	35785
	35786
	35788
	35789
	35790
	35791
	35792
	35793
	35794
	35795
	35796
	35797
	35798
	35799
	35800
	35801
	35802
	35803
	35805
	35806
	35807
	43774
	43775
	44504
	44505
	44506
	44508
	44510
	44511
	44512
	44513
	44514
	44515
	44516
	44541
	44542
	44543
	44544
	44545
	44546
	44547
	44550
	44551
	44553
	44944
	44945


Nika | 21vek:
	474
	476
	541
	558
	562
	563
	565
	566
	568
	834
	899
	900
	903
	904
	905
	907
	1454
	1455
	1456
	1597
	1797
	1838
	2064
	2065
	2321
	2324
	2326
	2505
	2509
	2510
	2543
	2546
	2547
	2548
	2549
	2550
	2551
	2552
	2555
	2558
	2560
	2561
	2565
	2567
	2570
	2572
	2573
	2574
	2576
	2652
	3078
	3079
	3080
	3176
	3178
	3179
	3181
	3197
	3198
	3199
	3339
	3363
	3364
	3372
	3450
	3580
	3857
	3859
	4059
	4194
	4297
	4300
	6181
	6182
	6543
	6544
	6545
	6546
	6547
	6548
	6550
	6552
	6555
	6567
	6568
	6573
	6574
	6579
	6583
	6588
	6593
	6773
	7437
	7439
	8147
	8148
	8156
	8160
	8162
	8168
	8174
	8175
	8184
	8285
	8645
	10190
	10193
	10194
	10195
	10207
	10210
	10212
	10242
	10882
	11715
	11716
	11717
	11869
	11870
	12119
	12123
	12125
	12126
	12426
	12427
	12428
	12429
	12430
	12431
	12432
	12433
	12470
	12472
	12475
	12476
	12478
	13306
	13307
	13308
	13309
	13310
	13311
	13312
	13313
	13314
	13316
	14092
	14093
	14095
	14097
	14098
	14099
	14100
	14102
	14392
	17121
	17124
	17126
	17129
	17133
	21995
	23093
	23104
	23113
	23317
	23322
	23713
	26110
	26111
	26113
	26116
	26117
	26119
	26120
	26122
	26123
	26124
	26125
	26126
	26127
	26128
	26129
	26130
	26131
	26132
	26133
	26135
	26137
	26138
	26139
	26140
	26142
	26143
	26144
	26145
	26148
	26149
	26150
	26152
	26153
	26155
	26156
	26158
	26159
	26160
	26161
	26162
	26163
	26164
	26165
	27829
	27830
	27831
	29978
	29979
	29980
	29983
	29985
	29986
	29988
	29989
	29990
	29993
	31299
	31301
	31314
	31319
	31321
	31349
	31664
	31665
	31666
	31667
	31725
	31925
	32274
	32275
	32276
	46476
	46477
	46479
	46482
	46486
	46488
	46490
	46497
	46557
	46563
	46647
	47496
	47699
	47703
	47719
	47741


Сокол | Mebelart:
	838
	839
	840
	842
	843
	844
	845
	850
	851
	852
	853
	854
	855
	857
	859
	860
	861
	863
	864
	865
	868
	869
	870
	871
	872
	873
	874
	875
	884
	885
	886
	888
	889
	890
	1165
	1166
	1171
	1172
	1173
	1175
	1176
	1184
	1185
	1186
	1188
	1189
	1190
	1193
	1194
	2009
	2616
	3184
	3185
	3186
	3187
	3407
	4177
	4225
	4719
	5138
	5168
	5567
	7073
	7074
	7075
	7601
	9584
	9585
	10314
	10316
	10317
	10318
	10321
	10322
	10323
	10324
	10325
	10391
	10393
	11461
	11476
	11477
	11481
	11483
	11484
	11485
	11487
	11488
	11489
	11711
	11712
	12559
	12560
	12562
	12564
	12567
	12569
	12570
	12572
	12573
	12574
	12577
	12579
	12580
	12581
	12582
	12585
	12586
	12589
	12590
	13153
	13154
	13156
	13157
	13158
	13160
	13161
	13162
	13163
	13164
	13165
	13331
	13333
	13420
	14763
	15709
	15710
	15711
	15712
	15713
	15718
	15719
	16248
	16250
	16252
	16253
	16254
	16255
	16262
	16263
	16264
	16271
	16273
	16275
	16549
	16550
	16551
	16552
	16585
	19639
	19640
	19641
	19642
	20001
	20005
	22552
	22554
	22555
	22556
	22557
	23324
	23615
	23637
	23808
	23809
	23810
	23811
	23812
	24274
	24362
	24363
	24364
	24365
	24366
	24367
	24404
	24405
	24406
	24407
	24408
	24409
	24410
	24411
	24414
	24415
	24416
	24418
	24420
	24422
	24429
	24431
	24432
	24433
	24434
	24435
	24436
	24437
	24439
	27553
	27790
	28393
	28395
	28400
	31130
	31132
	31764
	31765
	31766
	31767
	31768
	31769
	31772
	31773
	31774
	31775
	31776
	31783
	31784
	31800
	31926
	31927
	31928
	31929
	31930
	31931
	31932
	31933
	31934
	31935
	31937
	31938
	31939
	31940
	31941
	32269
	32270
	32271
	32272
	32273
	35239
	35272
	35273
	35274
	35276
	35277
	35278
	36200
	36201
	36202
	36203
	36219
	37855
	37856
	39154
	45630


Растущая мебель | Растущая мебель:
	13266
	42974
	42975


Мебель-класс | 21vek:
	1236
	1237
	1788
	1790
	1791
	1792
	2630
	2631
	2632
	2943
	2944
	5136
	6720
	9581
	9582
	29254
	29257
	29258
	29259
	29503
	29504
	29512
	29516
	29517
	29520
	29521
	29524
	29536
	42990
	44496
	44808
	44809
	44810
	44812
	44816
	47546
	47547
	47574
	47578
	47579
	48267


